Year,Quantity (Tonnes),No. of small spills,No. of large spills,No. of spills
2000,14000,21,4,25
2001,9000,18,3,21
2002,66000,11,3,14
2003,43000,19,4,23
2004,17000,20,5,25
2005,15000,22,3,25
2006,12000,12,4,16
2007,15000,12,3,15
2008,2000,7,1,8
2009,3000,7,2,9
2010,12000,5,4,9
2011,2000,4,1,5
2012,1000,7,0,7
2013,7000,5,3,8
2014,5000,4,1,5
2015,7000,6,2,8
2016,6000,4,1,5
2017,7000,4,2,6
2018,116000,3,3,6
2019,1000,2,1,3
